5.5 1 7.5 0
5.4 2 7.5 0
5.3 1 7.5 0
5.2 1 7.5 0
5.1 1 7.5 0
5.0 1 7.6 0
4.9 1 7.5 0
4.8 1 7.5 0
4.8 1 7.6 0
4.7 1 7.6 0
4.6 1 7.6 0
4.6 1 7.6 0
4.6 1 7.6 0
4.6 1 7.5 0
4.6 1 7.6 0
4.6 1 7.6 0
4.6 1 7.5 0
4.6 1 7.5 0
4.6 1 7.5 0
4.6 1 7.6 0
4.6 1 7.5 0
4.6 1 7.5 0
4.6 1 7.5 0
4.6 1 7.5 0
4.6 1 7.5 0
4.6 1 7.5 0
4.5 1 7.5 0
4.5 1 7.5 0
4.5 1 7.5 0
4.5 1 7.5 0
4.5 2 7.4 0
4.5 2 7.4 0
4.5 1 7.4 0
4.5 1 7.4 0
4.5 1 7.4 0
4.5 1 7.4 0
4.5 1 7.4 0
4.4 1 7.4 0
4.4 1 7.4 0
4.4 1 7.4 0
4.4 1 7.4 0
4.4 1 7.4 0
4.4 1 7.4 0
4.4 1 7.4 0
4.4 1 7.4 0
4.3 1 7.4 0
4.3 1 7.4 0
4.3 2 7.4 0
4.3 2 7.4 0
4.2 2 7.4 0
4.2 1 7.4 0
4.1 2 7.4 0
4.1 2 7.4 0
4.0 1 7.4 0
4.0 1 7.4 0
3.9 1 7.5 0
3.9 1 7.4 0
3.9 1 7.4 0
3.8 1 7.4 0
3.8 1 7.4 0
3.8 1 7.4 0
3.8 1 7.4 0
3.8 1 7.4 0
3.8 1 7.4 0
3.8 1 7.5 0
3.9 1 7.5 0
3.9 1 7.5 0
4.0 1 7.5 0
4.0 1 7.5 0
4.1 1 7.5 0
4.2 1 7.5 0
4.2 1 7.5 0
4.3 1 7.5 0
4.4 2 7.5 0
4.4 1 7.5 0
4.5 2 7.5 0
4.6 2 7.4 0
4.6 2 7.5 0
4.7 2 7.5 0
4.8 2 7.5 0
4.9 2 7.5 0
5.0 2 7.5 0
5.1 2 7.5 0
5.1 2 7.5 0
5.2 1 7.4 0
5.4 1 7.4 0
5.5 1 7.4 0
5.5 1 7.4 0
5.5 1 7.4 0
5.5 1 7.4 0
5.5 1 7.4 0
5.6 2 7.4 0
5.7 2 7.4 0
5.8 1 7.4 0
5.9 1 7.4 0
6.0 1 7.5 0
6.1 2 7.5 0
6.3 1 7.5 0
6.5 1 7.5 0
6.6 1 7.5 0
6.7 1 7.5 0
6.7 2 7.5 0
6.8 1 7.5 0
6.8 2 7.5 0
6.9 2 7.5 0
7.0 2 7.5 0
7.2 2 7.5 0
7.3 2 7.5 0
7.4 2 7.5 0
7.4 2 7.5 0
7.4 2 7.5 0
7.4 2 7.5 0
7.4 1 7.5 0
7.4 1 7.4 0
7.4 1 7.4 0
7.3 2 7.5 0
7.3 2 7.4 0
7.3 2 7.4 0
7.4 2 7.4 0
7.5 2 7.4 0
7.5 2 7.4 0
7.6 2 7.4 0
7.6 2 7.4 0
7.6 2 7.4 0
7.5 2 7.4 0
7.4 2 7.5 0
7.3 2 7.5 0
7.4 2 7.5 0
7.5 2 7.5 0
7.6 2 7.5 0
7.7 2 7.4 0
7.7 2 7.4 0
7.8 1 7.4 0
7.8 1 7.5 0
7.9 1 7.5 0
8.0 1 7.5 0
8.1 1 7.5 0
8.3 1 7.5 0
8.4 2 7.5 0
8.4 2 7.5 0
8.5 2 7.5 0
8.6 2 7.5 0
8.7 2 7.5 0
8.7 2 7.4 0
8.8 2 7.4 0
8.9 2 7.4 0
9.0 2 7.4 0
9.1 2 7.4 0
9.1 2 7.4 0
9.2 1 7.4 0
9.4 2 7.4 0
9.4 1 7.4 0
9.5 1 7.4 0
9.5 1 7.4 0
9.5 1 7.4 0
9.4 1 7.4 0
9.4 1 7.4 0
9.5 1 7.4 0
9.5 1 7.4 0
9.6 1 7.4 0
9.6 1 7.4 0
9.7 1 7.4 0
9.8 1 7.4 0
9.9 1 7.4 0
10.0 1 7.4 0
10.2 1 7.4 0
10.4 1 7.4 0
10.5 1 7.4 0
10.5 1 7.4 0
10.4 1 7.5 0
10.4 1 7.4 0
10.3 1 7.4 0
10.2 2 7.4 0
10.3 2 7.5 0
10.4 2 7.5 0
10.5 2 7.5 0
10.6 2 7.5 0
10.7 2 7.5 0
10.6 2 7.5 0
10.5 2 7.5 0
10.3 1 7.6 0
10.2 2 7.6 0
10.1 2 7.6 0
10.1 1 7.6 0
10.1 1 7.6 0
10.2 1 7.6 0
10.2 1 7.6 0
10.2 1 7.6 0
10.2 1 7.6 0
10.2 1 7.6 0
10.2 1 7.6 0
10.4 1 7.6 0
10.6 1 7.6 0
10.7 1 7.6 0
10.8 1 7.6 0
10.9 1 7.6 0
11.1 1 7.6 0
11.4 1 7.6 0
11.5 1 7.5 0
11.6 1 7.6 0
11.6 1 7.5 0
11.6 1 7.5 0
11.6 1 7.5 0
11.5 1 7.5 0
11.4 2 7.5 0
11.1 2 7.5 0
10.9 2 7.5 0
10.7 2 7.5 0
10.5 2 7.6 0
10.3 2 7.5 0
10.2 2 7.6 0
10.1 2 7.6 0
10.0 2 7.6 0
9.8 2 7.6 0
9.7 2 7.6 0
9.7 2 7.6 0
9.7 2 7.6 0
9.8 2 7.5 0
9.8 2 7.6 0
9.7 2 7.6 0
9.6 2 7.6 0
9.6 2 7.6 0
9.5 2 7.5 0
9.5 2 7.6 0
9.4 2 7.5 0
9.4 2 7.5 0
9.4 1 7.5 0
9.4 2 7.5 0
9.3 2 7.5 0
9.3 2 7.5 0
9.2 2 7.5 0
9.1 2 7.5 0
8.9 2 7.5 0
8.7 2 7.5 0
8.6 2 7.5 0
8.5 2 7.5 0
8.5 2 7.5 0
8.4 2 7.5 0
8.3 2 7.5 0
8.2 2 7.5 0
8.2 2 7.4 0
8.1 2 7.5 0
8.0 2 7.4 0
7.9 2 7.5 0
7.9 2 7.4 0
8.0 2 7.4 0
8.0 2 7.4 0
8.0 2 7.4 0
8.0 2 7.5 0
8.0 2 7.5 0
7.9 1 7.5 0
7.9 2 7.5 0
7.9 2 7.5 0
7.9 2 7.5 0
7.9 2 7.5 0
7.9 2 7.5 0
7.8 2 7.5 0
7.6 2 7.4 0
7.5 2 7.4 0
7.3 2 7.5 0
7.2 1 7.5 0
7.1 1 7.5 0
7.0 1 7.5 0
6.9 1 7.5 0
6.9 1 7.5 0
6.8 1 7.5 0
6.7 1 7.5 0
6.6 2 7.5 0
6.5 1 7.5 0
6.7 1 7.5 0
6.7 1 7.5 0
6.6 1 7.5 0
6.6 1 7.5 0
6.5 1 7.5 0
6.5 1 7.5 0
6.4 1 7.5 0
6.4 1 7.5 0
6.4 1 7.5 0
6.3 1 7.5 0
6.2 1 7.5 0
6.1 1 7.5 0
6.0 1 7.5 0
5.9 1 7.5 0
5.8 1 7.6 0
5.7 1 7.5 0
5.6 1 7.6 0
5.5 2 7.6 0
5.4 2 7.6 0
